0.00007432
0.00063679
0.00152868
-0.00021800
-0.00006659
-0.00022920
-0.00029942
0.00012913
0.00032244
0.00038291
0.00029872
0.00005806
-0.00159233
-0.00103538
-0.00043398
-0.00195101
-0.00158544
-0.00183939
-0.00200524
-0.00137540
-0.00144556
-0.00135335
-0.00130855
-0.00152093
-0.00131979
-0.00145787
-0.00152693
-0.00111873
-0.00011077
-0.00052595
-0.00085749
0.00040140
0.00211465
0.00161048
0.00100395
0.00241010
0.00185815
0.00220945
0.00242298
0.00145774
0.00072820
0.00082859
0.00109242
0.00085320
0.00236469
0.00177967
0.00123461
0.00286597
0.00306197
0.00325040
0.00317580
0.00258273
0.00004079
0.00091280
0.00181889
-0.00062078
-0.00062297
-0.00091641
-0.00093421
-0.00010945
0.00177952
0.00123216
0.00055315
0.00204714
0.00114518
0.00158178
0.00194081
0.00080611
0.00093768
0.00076917
0.00069572
0.00111242
0.00139498
0.00130583
0.00122715
0.00154112
0.00231992
0.00205215
0.00177348
0.00251960
0.00258877
0.00261941
0.00261067
0.00256172
0.00248928
0.00255915
0.00256484
0.00229989
0.00127867
0.00158336
0.00196589
0.00117818
0.00167861
0.00159543
0.00134578
0.00134678
-0.00217796
-0.00083124
0.00044202
-0.00330311
-0.00422273
-0.00424900
-0.00397922
-0.00401069
-0.00291613
-0.00333806
-0.00370660
-0.00245184
-0.00107890
-0.00148888
-0.00196232
-0.00077977
-0.00079535
-0.00063663
-0.00063050
-0.00110384
-0.00204510
-0.00190564
-0.00152763
-0.00175329
0.00137055
0.00022354
-0.00092140
0.00220867
0.00214747
0.00242174
0.00251534
0.00191213
0.00178478
0.00188824
0.00186678
0.00136468
-0.00161265
-0.00057011
0.00051399
-0.00233866
-0.00187025
-0.00233454
-0.00254734
-0.00132450
-0.00053453
-0.00056077
-0.00085380
-0.00086421
-0.00298661
-0.00238683
-0.00156881
-0.00303653
0.00030242
-0.00108669
-0.00232075
0.00148336
0.00215665
0.00236390
0.00216741
0.00162949
-0.00096290
-0.00002841
0.00086886
-0.00183517
-0.00305755
-0.00298739
-0.00254480
-0.00264988
0.00086592
-0.00046188
-0.00171928
0.00200770
0.00328691
0.00316210
0.00276387
0.00322279
0.00235033
0.00274977
0.00303975
0.00183891
-0.00008901
0.00055996
0.00122423
-0.00065778
-0.00168705
-0.00142939
-0.00109823
-0.00190702
-0.00246758
-0.00230859
-0.00211654
-0.00257792
-0.00213785
-0.00249451
-0.00261205
-0.00145464
0.00199062
0.00081511
-0.00041069
0.00288368
0.00331662
0.00341830
0.00332771
0.00318381
0.00291337
0.00308520
0.00313301
0.00249047
-0.00033590
0.00074454
0.00173462
-0.00136284
-0.00294087
-0.00275686
-0.00220192
-0.00266717
0.00016032
-0.00087588
-0.00190853
0.00092960
0.00038724
0.00101693
0.00121541
-0.00062055
-0.00423731
-0.00321901
-0.00191097
-0.00465848
-0.00237717
-0.00340192
-0.00429039
-0.00160028
-0.00196772
-0.00154722
-0.00135795
-0.00241909
-0.00291339
-0.00289701
-0.00273646
-0.00279829
-0.00165126
-0.00218297
-0.00255921
-0.00094573
0.00180063
0.00088338
-0.00007014
0.00256739
0.00327537
0.00332674
0.00308622
0.00291851
0.00087403
0.00152875
0.00227941
0.00052277
0.00162202
0.00104430
0.00061794
0.00217132
0.00289213
0.00277401
0.00255096
0.00295696
0.00284075
0.00298300
0.00300136
0.00251349
0.00078892
0.00134938
0.00197634
0.00045128
0.00066229
0.00057310
0.00043070
0.00048211
-0.00203578
-0.00101754
-0.00011692
-0.00298770
-0.00439383
-0.00419018
-0.00371851
-0.00432061
-0.00291184
-0.00347425
-0.00398243
-0.00241094
-0.00157995
-0.00180337
-0.00205563
-0.00131116
0.00010728
-0.00045982
-0.00093769
0.00074844
0.00258642
0.00208020
0.00143447
0.00285394
0.00218694
0.00255896
0.00281893
0.00181580
0.00136779
0.00138886
0.00154109
0.00148656
0.00242888
0.00207765
0.00174126
0.00272812
0.00267004
0.00291054
0.00290944
0.00212654
-0.00083946
0.00020984
0.00125926
-0.00170641
-0.00220060
-0.00240422
-0.00223875
-0.00162561
0.00123440
0.00031688
-0.00071834
0.00178854
0.00076752
0.00140286
0.00180600
0.00008841
-0.00115615
-0.00089303
-0.00047676
-0.00126186
-0.00044049
-0.00093916
-0.00120030
0.00033363
0.00334723
0.00246268
0.00137147
0.00376512
0.00173229
0.00278710
0.00353461
0.00057986
-0.00208011
-0.00139060
-0.00048693
-0.00250441
-0.00223281
-0.00251831
-0.00263310
-0.00184937
-0.00085926
-0.00108572
-0.00144151
-0.00083937
-0.00177303
-0.00142650
-0.00106558
-0.00195607
-0.00086391
-0.00148140
-0.00185728
-0.00004031
0.00236364
0.00180218
0.00091877
0.00235689
-0.00097105
0.00041344
0.00163062
-0.00219925
-0.00335250
-0.00337903
-0.00300840
-0.00297018
-0.00039091
-0.00138918
-0.00228412
0.00060512
0.00273846
0.00223173
0.00150130
0.00296355
0.00174982
0.00244968
0.00286312
0.00079012
-0.00259903
-0.00157040
-0.00037382
-0.00325909
-0.00274746
-0.00318240
-0.00341390
-0.00229194
-0.00168313
-0.00176989
-0.00196361
-0.00167567
-0.00169798
-0.00174222
-0.00171412
-0.00151943
-0.00021909
-0.00070731
-0.00116906
0.00021068
0.00090293
0.00073381
0.00051940
0.00107583
0.00164093
0.00149085
0.00128426
0.00167985
0.00113992
0.00137056
0.00157357
0.00095073
0.00077974
0.00081219
0.00085198
0.00070305
0.00029241
0.00038857
0.00055276
0.00034623
0.00135474
0.00097313
0.00059966
0.00163263
0.00162794
0.00169719
0.00172834
0.00160935
0.00225716
0.00193459
0.00171210
0.00266012
0.00377705
0.00351667
0.00310982
0.00378740
0.00216062
0.00290385
0.00347664
0.00133855
-0.00087024
-0.00023069
0.00052237
-0.00134592
-0.00186723
-0.00177639
-0.00162888
-0.00198019
-0.00239891
-0.00233852
-0.00216293
-0.00223604
-0.00062044
-0.00119144
-0.00178975
-0.00025605
-0.00045431
-0.00034839
-0.00021309
-0.00032320
0.00204923
0.00103048
0.00019632
0.00312253
0.00525102
0.00487755
0.00411594
0.00508007
0.00158702
0.00302763
0.00427688
0.00020974
-0.00244132
-0.00176455
-0.00090308
-0.00300004
-0.00394261
-0.00382498
-0.00348175
-0.00374754
-0.00158874
-0.00241864
-0.00319614
-0.00088016
0.00006202
-0.00014209
-0.00041914
0.00030422
0.00141004
0.00106270
0.00066001
0.00159978
0.00135851
0.00144048
0.00157256
0.00148162
0.00269781
0.00239013
0.00189318
0.00254155
-0.00087007
0.00050520
0.00174251
-0.00208297
-0.00357861
-0.00336388
-0.00290111
-0.00365260
-0.00398640
-0.00377302
-0.00368886
-0.00441031
-0.00634435
-0.00579600
-0.00507369
-0.00648585
-0.00421406
-0.00523115
-0.00606440
-0.00324108
-0.00163624
-0.00197481
-0.00249462
-0.00143349
-0.00119671
-0.00125695
-0.00132154
-0.00109776
-0.00056186
-0.00073711
-0.00093277
-0.00045808
-0.00070706
-0.00055685
-0.00046280
-0.00088021
-0.00128145
-0.00118511
-0.00104593
-0.00131867
-0.00103314
-0.00118626
-0.00128493
-0.00083606
-0.00003260
-0.00033616
-0.00060353
0.00030852
0.00103058
0.00094880
0.00066855
0.00079520
-0.00106964
-0.00052962
0.00019548
-0.00111410
0.00185989
0.00064534
-0.00046255
0.00283140
0.00265091
0.00319769
0.00327908
0.00170240
-0.00227140
-0.00095391
0.00043973
-0.00330566
-0.00386808
-0.00406052
-0.00389514
-0.00338406
-0.00088875
-0.00181924
-0.00267633
0.00003919
0.00225360
0.00164446
0.00089622
0.00269337
0.00301068
0.00303760
0.00294523
0.00290464
0.00183320
0.00241432
0.00273446
0.00088008
-0.00355990
-0.00206430
-0.00049083
-0.00469715
-0.00491959
-0.00529786
-0.00526099
-0.00423802
-0.00133579
-0.00236606
-0.00335919
-0.00034557
0.00148216
0.00116726
0.00052259
0.00136102
-0.00086768
-0.00007710
0.00076473
-0.00131024
-0.00011932
-0.00071596
-0.00120196
0.00032087
-0.00060803
0.00006655
0.00038790
-0.00160068
-0.00511529
-0.00409729
-0.00283846
-0.00563058
-0.00363943
-0.00472717
-0.00545900
-0.00240011
0.00086539
-0.00008217
-0.00118831
0.00160147
0.00220291
0.00228419
0.00208023
0.00182599
-0.00021117
0.00043144
0.00117900
-0.00054335
0.00089568
0.00010648
-0.00041448
0.00182929
0.00441537
0.00368093
0.00278928
0.00490369
0.00464552
0.00497680
0.00508081
0.00414085
0.00200850
0.00279223
0.00351233
0.00118908
-0.00108962
-0.00041119
0.00036615
-0.00161580
-0.00216229
-0.00212100
-0.00195177
-0.00211447
-0.00170873
-0.00187245
-0.00201207
-0.00153397
-0.00097058
-0.00117296
-0.00135743
-0.00074030
0.00006320
-0.00020190
-0.00047786
0.00029307
0.00073754
0.00061184
0.00047111
0.00087050
0.00116768
0.00113827
0.00101937
0.00104809
-0.00020908
0.00029889
0.00074186
-0.00071028
-0.00172495
-0.00148511
-0.00114292
-0.00185053
-0.00133058
-0.00168399
-0.00184653
-0.00075392
0.00216340
0.00105761
0.00006072
0.00330477
0.00548615
0.00518670
0.00438159
0.00504601
-0.00036531
0.00180706
0.00373182
-0.00242232
-0.00557117
-0.00512349
-0.00404915
-0.00531800
-0.00108945
-0.00285030
-0.00434455
0.00068378
0.00460989
0.00356883
0.00225497
0.00536263
0.00595317
0.00600554
0.00581961
0.00569525
0.00352151
0.00454733
0.00524622
0.00209169
-0.00413715
-0.00191627
0.00022730
-0.00623345
-0.00965794
-0.00921572
-0.00799966
-0.00910261
-0.00265463
-0.00512387
-0.00745346
-0.00058654
0.00072883
0.00104996
0.00064797
-0.00020598
-0.00500017
-0.00330175
-0.00162291
-0.00647582
-0.00808375
-0.00806825
-0.00752120
-0.00753449
-0.00333217
-0.00495437
-0.00643045
-0.00178976
0.00149824
0.00056643
-0.00050127
0.00237908
0.00496575
0.00414999
0.00327168
0.00567071
0.00655003
0.00652908
0.00621335
0.00620834
0.00306205
0.00438285
0.00546331
0.00159599
-0.00228010
-0.00126038
0.00009615
-0.00276952
-0.00115024
-0.00198473
-0.00261030
-0.00036427
-0.00024519
0.00021803
0.00013894
-0.00136888
-0.00727463
-0.00529706
-0.00317454
-0.00864547
-0.00788159
-0.00872185
-0.00907305
-0.00684203
-0.00430023
-0.00499069
-0.00585124
-0.00381968
-0.00337591
-0.00345211
-0.00356443
-0.00322902
-0.00168308
-0.00241058
-0.00291896
-0.00071565
0.00237813
0.00159079
0.00045859
0.00251783
-0.00072852
0.00060559
0.00182740
-0.00175588
-0.00145811
-0.00199965
-0.00215561
-0.00070112
0.00128738
0.00081606
0.00010586
0.00137772
-0.00007088
0.00043588
0.00101858
-0.00020218
0.00220773
0.00113549
0.00025098
0.00322408
0.00518333
0.00461292
0.00400321
0.00584453
0.00779129
0.00740191
0.00665690
0.00753679
0.00407097
0.00514119
0.00649990
0.00389955
0.00888855
0.00691878
0.00501531
0.01020322
0.00840996
0.00958380
0.01034164
0.00730038
0.00723953
0.00662607
0.00666420
0.00855811
0.01563162
0.01303638
0.01057430
0.01804725
0.02247513
0.02149940
0.02002187
0.02294434
0.02129810
0.02235391
0.02290350
0.01973856
0.01340965
0.01551745
0.01772770
0.01170613
0.00924500
0.00989124
0.01060522
0.00834734
0.00363471
0.00531529
0.00697835
0.00221313
-0.00003421
0.00057108
0.00124185
-0.00080906
-0.00520325
-0.00342297
-0.00194043
-0.00722786
-0.01409245
-0.01175458
-0.00943814
-0.01636699
-0.02168038
-0.02030333
-0.01848300
-0.02246652
-0.02107864
-0.02205348
-0.02256137
-0.01977263
-0.01456914
-0.01651578
-0.01824693
-0.01239695
-0.00569325
-0.00771102
-0.01003606
-0.00425422
-0.00428864
-0.00365433
-0.00359739
-0.00536392
-0.00943153
-0.00816139
-0.00672746
-0.01030371
-0.00943515
-0.01028621
-0.01058985
-0.00807903
-0.00259458
-0.00437382
-0.00630430
-0.00127353
-0.00120766
-0.00066455
-0.00064648
-0.00215577
-0.00517667
-0.00447479
-0.00334982
-0.00510147
-0.00031701
-0.00228340
-0.00403012
0.00141333
0.00397107
0.00333267
0.00257561
0.00477735
0.00968624
0.00763006
0.00598685
0.01213467
0.02076132
0.01786910
0.01492258
0.02338634
0.02874480
0.02734334
0.02557627
0.02983790
0.03062821
0.03096911
0.03063503
0.02940038
0.02106399
0.02426228
0.02717695
0.01798970
0.01053002
0.01293781
0.01533380
0.00783871
-0.00178778
0.00136778
0.00469831
-0.00440328
-0.00743150
-0.00716794
-0.00619040
-0.00707664
-0.00485099
-0.00536620
-0.00625798
-0.00516205
-0.01099792
-0.00871307
-0.00658049
-0.01287320
-0.01335570
-0.01401658
-0.01388568
-0.01199288
-0.00596020
-0.00792639
-0.01006865
-0.00456418
-0.00550661
-0.00439785
-0.00404978
-0.00727427
-0.01460094
-0.01210897
-0.00956527
-0.01673676
-0.01917353
-0.01908091
-0.01825684
-0.01849927
-0.01307270
-0.01516816
-0.01708016
-0.01110319
-0.00664503
-0.00806876
-0.00948020
-0.00498519
0.00072588
-0.00092803
-0.00297367
0.00156223
-0.00172558
0.00007648
0.00127987
-0.00380394
-0.00862229
-0.00754427
-0.00584175
-0.00878659
-0.00411498
-0.00616828
-0.00786685
-0.00213105
0.00136186
0.00058366
-0.00055917
0.00183986
0.00139199
0.00193815
0.00205522
0.00032010
-0.00598550
-0.00348201
-0.00133599
-0.00871400
-0.01752579
-0.01449423
-0.01155731
-0.02065306
-0.02821382
-0.02648608
-0.02378797
-0.02843765
-0.02013688
-0.02383542
-0.02682352
-0.01639141
-0.00835784
-0.01048018
-0.01314582
-0.00674217
-0.00322148
-0.00448509
-0.00554664
-0.00141977
0.00723861
0.00415376
0.00113255
0.00998183
0.01363452
0.01327431
0.01203465
0.01304901
0.00615185
0.00913022
0.01149581
0.00276030
-0.00754185
-0.00435857
-0.00083166
-0.01010288
-0.01184650
-0.01241564
-0.01178454
-0.00992740
0.00227328
-0.00237487
-0.00662545
0.00676800
0.01601946
0.01374432
0.01063966
0.01740255
0.01754411
0.01782613
0.01790402
0.01743319
0.01874625
0.01829723
0.01775255
0.01877860
0.01711648
0.01747993
0.01821962
0.01768621
0.02530444
0.02229463
0.01955127
0.02796887
0.02994036
0.03045686
0.02975641
0.02807702
0.01520334
0.02041141
0.02481461
0.00952632
-0.00716420
-0.00195163
0.00370867
-0.01163865
-0.01845468
-0.01742653
-0.01511145
-0.01806667
-0.00967956
-0.01328564
-0.01622834
-0.00585111
0.00477479
0.00136561
-0.00215919
0.00811986
0.01633945
0.01424708
0.01138024
0.01727643
0.01435075
0.01564346
0.01686245
0.01371564
0.01820697
0.01590284
0.01428935
0.02085261
0.02667107
0.02557154
0.02346559
0.02626475
0.01512095
0.02015304
0.02400519
0.00932156
-0.00961025
-0.00324149
0.00312841
-0.01579999
-0.03042260
-0.02660682
-0.02159231
-0.03261875
-0.02883448
-0.03152161
-0.03290600
-0.02521351
-0.01289133
-0.01678040
-0.02104445
-0.00984719
-0.00793317
-0.00741776
-0.00802347
-0.00947283
-0.01827749
-0.01494373
-0.01190315
-0.02158735
-0.02807433
-0.02682898
-0.02455146
-0.02794192
-0.01930217
-0.02319256
-0.02621505
-0.01497158
-0.00120596
-0.00598667
-0.01053927
0.00391068
0.01985693
0.01484303
0.00937856
0.02397308
0.02866776
0.02837664
0.02682597
0.02774200
0.01942670
0.02280654
0.02569154
0.01589167
0.00655468
0.00935993
0.01249678
0.00415455
-0.00009330
0.00080056
0.00222519
-0.00043033
0.00122274
0.00039256
-0.00021920
0.00208909
0.00532915
0.00386695
0.00289258
0.00759609
0.01756320
0.01438040
0.01080578
0.01959742
0.01666369
0.01879981
0.01992715
0.01396705
0.00651165
0.00854158
0.01114020
0.00539090
0.00766997
0.00628519
0.00540059
0.00918022
0.01190930
0.01143162
0.01048538
0.01180877
0.00759720
0.00962878
0.01104466
0.00498601
-0.00553326
-0.00170313
0.00184726
-0.00951123
-0.02188027
-0.01764002
-0.01353726
-0.02631878
-0.03760773
-0.03490069
-0.03087471
-0.03820686
-0.02502593
-0.03157254
-0.03611497
-0.01692149
0.00970375
0.00141352
-0.00780082
0.01605207
0.02041673
0.02097007
0.01970547
0.01861636
0.00844014
0.01266863
0.01602866
0.00324701
-0.01541814
-0.00933227
-0.00287122
-0.02041086
-0.02590133
-0.02550448
-0.02374989
-0.02516711
-0.01938661
-0.02149126
-0.02356340
-0.01768539
-0.01582167
-0.01618808
-0.01669241
-0.01524248
-0.01210599
-0.01304583
-0.01422516
-0.01180711
-0.01494903
-0.01360573
-0.01240913
-0.01599114
-0.01462039
-0.01591031
-0.01635044
-0.01243032
-0.00133258
-0.00555627
-0.00934073
0.00307472
0.01436805
0.01127718
0.00739243
0.01630412
0.01430425
0.01607706
0.01682559
0.01175289
0.00181333
0.00527624
0.00866605
-0.00149282
-0.00922317
-0.00702680
-0.00445126
-0.01104409
-0.01352503
-0.01334743
-0.01246491
-0.01283113
-0.00662345
-0.00898287
-0.01120168
-0.00457218
-0.00191216
-0.00234683
-0.00317253
-0.00168557
-0.00027111
-0.00107931
-0.00147843
0.00116329
0.00846205
0.00591017
0.00333238
0.01055342
0.01359078
0.01276356
0.01189308
0.01480070
0.02146888
0.01903026
0.01668898
0.02364921
0.02631875
0.02617827
0.02526134
0.02560149
0.01890097
0.02168659
0.02399747
0.01587274
0.00765945
0.01001868
0.01283424
0.00598996
0.00603581
0.00523363
0.00519110
0.00751588
0.01446783
0.01196399
0.00956475
0.01683052
0.02030733
0.02005850
0.01879493
0.01922752
0.00981993
0.01329086
0.01668822
0.00705994
0.00595625
0.00534873
0.00561262
0.00712319
0.01002782
0.00964059
0.00850670
0.00917135
-0.00163006
0.00298378
0.00672972
-0.00667537
-0.02132327
-0.01669617
-0.01176342
-0.02549437
-0.03319040
-0.03169597
-0.02903771
-0.03324229
-0.02525820
-0.02888211
-0.03169522
-0.02127872
-0.00991990
-0.01352902
-0.01733079
-0.00654991
0.00030074
-0.00111614
-0.00351590
0.00038608
-0.00675125
-0.00362283
-0.00105755
-0.00988430
-0.01671652
-0.01481630
-0.01257423
-0.01838090
-0.02171121
-0.02103867
-0.01986702
-0.02169999
-0.01701817
-0.01927313
-0.02086855
-0.01420809
-0.00375334
-0.00741790
-0.01095703
-0.00012597
0.00883332
0.00634494
0.00329887
0.01058505
0.01035780
0.01137817
0.01144811
0.00836960
-0.00245051
0.00175356
0.00543784
-0.00694162
-0.01906075
-0.01563209
-0.01145930
-0.02134607
-0.01978925
-0.02161262
-0.02217918
-0.01685195
-0.00405261
-0.00858259
-0.01299054
0.00017490
0.01049545
0.00712015
0.00381239
0.01433555
0.02766585
0.02353210
0.01885432
0.03055253
0.03040737
0.03146365
0.03170048
0.02909698
0.02730604
0.02738603
0.02802416
0.02790766
0.03156823
0.03062185
0.02918589
0.03137768
0.02249779
0.02647401
0.02958757
0.01811972
0.00575648
0.00957873
0.01374779
0.00242497
-0.00307419
-0.00215703
-0.00026773
-0.00285048
0.00396894
0.00098805
-0.00140546
0.00717611
0.01632740
0.01335319
0.01031449
0.01927229
0.02629694
0.02462640
0.02214948
0.02675499
0.02098855
0.02365227
0.02574982
0.01828490
0.01397833
0.01450172
0.01602241
0.01470776
0.02195962
0.01946313
0.01676002
0.02339202
0.01873891
0.02141509
0.02312541
0.01557473
0.00576918
0.00905272
0.01232027
0.00246670
-0.00748811
-0.00417847
-0.00085410
-0.01076475
-0.02062710
-0.01726832
-0.01400540
-0.02415532
-0.03451466
-0.03142838
-0.02785330
-0.03674621
-0.03651117
-0.03773195
-0.03782594
-0.03421051
-0.02254518
-0.02692663
-0.03092307
-0.01810268
-0.00572325
-0.00975994
-0.01385179
-0.00163785
0.01031784
0.00661118
0.00253972
0.01340101
0.01768551
0.01706590
0.01565246
0.01755547
0.01272247
0.01510855
0.01670563
0.00950561
-0.00410706
0.00083924
0.00546955
-0.00909105
-0.02352731
-0.01866372
-0.01391005
-0.02867607
-0.04439284
-0.03958401
-0.03416698
-0.04805916
-0.05022676
-0.05082462
-0.05017337
-0.04859365
-0.03974427
-0.04311350
-0.04614369
-0.03627717
-0.02628559
-0.02959487
-0.03290099
-0.02289988
-0.01375270
-0.01625835
-0.01944602
-0.01234494
-0.01364396
-0.01293876
-0.01225745
-0.01362811
-0.00739206
-0.01010899
-0.01235322
-0.00469905
0.00091506
-0.00058765
-0.00242864
0.00217063
0.00553332
0.00435452
0.00327640
0.00694116
0.01231839
0.01051170
0.00865067
0.01386490
0.01516207
0.01543610
0.01495563
0.01398932
0.00613013
0.00910962
0.01186598
0.00333744
-0.00032856
-0.00019838
0.00112264
0.00102917
0.01300347
0.00821233
0.00402384
0.01780611
0.02968041
0.02606168
0.02215164
0.03315198
0.04129481
0.03939164
0.03651574
0.04174037
0.03401482
0.03766202
0.04041130
0.02999199
0.01895725
0.02233515
0.02604413
0.01600267
0.00959975
0.01143565
0.01352653
0.00788855
0.00196909
0.00425062
0.00616321
-0.00086307
-0.01088695
-0.00784136
-0.00429446
-0.01281443
-0.01004881
-0.01213039
-0.01316731
-0.00726769
0.00141566
-0.00110764
-0.00414720
0.00298737
0.00046835
0.00237282
0.00327692
-0.00224321
-0.01254688
-0.00909499
-0.00554114
-0.01553893
-0.02116917
-0.01959847
-0.01782406
-0.02284318
-0.02995250
-0.02725429
-0.02486814
-0.03291365
-0.04140538
-0.03899030
-0.03603386
-0.04290152
-0.04069896
-0.04239658
-0.04319738
-0.03830439
-0.02768514
-0.03185273
-0.03536633
-0.02278512
-0.00456257
-0.01096484
-0.01713558
0.00178156
0.01976424
0.01378734
0.00785921
0.02598818
0.04304160
0.03846412
0.03246918
0.04527023
0.03599900
0.04116274
0.04449454
0.02972744
0.00866571
0.01591551
0.02296698
0.00131022
-0.01938009
-0.01302608
-0.00601815
-0.02474672
-0.03381676
-0.03184445
-0.02887506
-0.03495388
-0.03407863
-0.03510511
-0.03538458
-0.03226825
-0.02224821
-0.02629151
-0.02965502
-0.01759558
-0.00178188
-0.00706882
-0.01244468
0.00310224
0.01285868
0.01060200
0.00729410
0.01389688
0.00938697
0.01205146
0.01359967
0.00574093
-0.00868946
-0.00364585
0.00128695
-0.01347589
-0.02531651
-0.02160651
-0.01773730
-0.02910028
-0.03967750
-0.03677024
-0.03305946
-0.04122607
-0.03611842
-0.03919701
-0.04100712
-0.03209403
-0.01670680
-0.02224194
-0.02741443
-0.01093925
0.00660706
0.00081703
-0.00506392
0.01220962
0.02690042
0.02245828
0.01752719
0.03075115
0.03828932
0.03643416
0.03392870
0.03951598
0.04022554
0.04034361
0.04015752
0.03995456
0.03833519
0.03914364
0.03963003
0.03704447
0.02985138
0.03272346
0.03515477
0.02663942
0.01633319
0.01970605
0.02320178
0.01326414
0.00608293
0.00828528
0.01062035
0.00383727
-0.00288334
-0.00088467
0.00144770
-0.00427176
-0.00370020
-0.00461249
-0.00483601
-0.00219813
0.00443099
0.00205320
-0.00022104
0.00671868
0.01226786
0.01059386
0.00876573
0.01385253
0.01749937
0.01665183
0.01536751
0.01770402
0.01360767
0.01571816
0.01710441
0.01083531
0.00058775
0.00397435
0.00751595
-0.00226661
-0.00715632
-0.00584519
-0.00433343
-0.00862124
-0.01422339
-0.01246436
-0.01047366
-0.01538081
-0.01333970
-0.01494311
-0.01563319
-0.01085204
0.00062705
-0.00363621
-0.00754622
0.00499261
0.01709114
0.01329278
0.00924277
0.02058633
0.02766012
0.02614186
0.02368693
0.02795071
0.02129113
0.02449813
0.02682429
0.01752220
0.00571929
0.00948128
0.01349865
0.00246187
-0.00309217
-0.00192800
-0.00008997
-0.00362246
-0.00113380
-0.00274097
-0.00353379
0.00139795
0.01334277
0.00899454
0.00487930
0.01752309
0.02795975
0.02463927
0.02124247
0.03145014
0.04217502
0.03896911
0.03523711
0.04438372
0.04306533
0.04473983
0.04522595
0.04034244
0.02770559
0.03243653
0.03672677
0.02276781
0.00803356
0.01290541
0.01781933
0.00321132
-0.00985112
-0.00594864
-0.00151559
-0.01298632
-0.01714660
-0.01651927
-0.01518142
-0.01721017
-0.01447729
-0.01593419
-0.01681937
-0.01237132
-0.00284589
-0.00633548
-0.00959301
0.00062855
0.00922367
0.00676089
0.00386786
0.01117226
0.01320809
0.01322504
0.01252695
0.01241765
0.00587861
0.00859590
0.01083444
0.00285919
-0.00660167
-0.00348508
-0.00029895
-0.00955118
-0.01672387
-0.01464830
-0.01224726
-0.01844357
-0.02054509
-0.02051051
-0.01975407
-0.01969005
-0.01368949
-0.01570076
-0.01791021
-0.01250418
-0.01595755
-0.01387094
-0.01261616
-0.01856506
-0.02435203
-0.02349112
-0.02130652
-0.02312245
-0.00619176
-0.01338950
-0.01929369
0.00151766
0.02393763
0.01654120
0.00910654
0.03141178
0.05117682
0.04578798
0.03892099
0.05425159
0.04824662
0.05219356
0.05443616
0.04331817
0.02696131
0.03254562
0.03802324
0.02134632
0.00592588
0.01057972
0.01580807
0.00211113
-0.00341119
-0.00246376
-0.00066506
-0.00363355
-0.00179359
-0.00258013
-0.00327858
-0.00117436
-0.00191113
-0.00117395
-0.00094214
-0.00319501
-0.01095749
-0.00763260
-0.00507498
-0.01513925
-0.03189486
-0.02589050
-0.02019983
-0.03789650
-0.05510710
-0.04933299
-0.04366740
-0.06120354
-0.07866797
-0.07376769
-0.06765475
-0.08148117
-0.07627364
-0.07960631
-0.08161509
-0.07243585
-0.06025352
-0.06479382
-0.06869596
-0.05459914
-0.03022183
-0.03923838
-0.04750399
-0.02087390
0.00623560
-0.00248491
-0.01156698
0.01445784
0.03359460
0.02851306
0.02200166
0.03684884
0.02970116
0.03570128
0.03780528
0.01896923
-0.03484997
-0.01555153
0.00322996
-0.05214010
-0.08254041
-0.07528545
-0.06548303
-0.08824099
-0.09986936
-0.09715046
-0.09315516
-0.10095430
-0.09546752
-0.09816623
-0.10021950
-0.09279639
-0.08254755
-0.08752345
-0.09048768
-0.07420387
-0.02820256
-0.04578054
-0.06161025
-0.01036415
0.03363042
0.02126710
0.00638741
0.04283290
0.05349961
0.05168679
0.04854373
0.05521974
0.06234850
0.06041330
0.05771987
0.06257391
0.05181302
0.05655944
0.06044678
0.04710863
0.03611848
0.03961106
0.04311997
0.03217885
0.01782208
0.02252065
0.02750573
0.01400854
0.01027209
0.01036652
0.01154551
0.01106273
0.01706211
0.01459371
0.01255052
0.01982551
0.02782890
0.02549287
0.02272576
0.02943592
0.02875687
0.02982030
0.03008462
0.02700828
0.01967965
0.02217468
0.02472137
0.01754775
0.01453533
0.01505320
0.01601968
0.01435307
0.01488712
0.01460183
0.01440074
0.01518739
0.01668079
0.01591004
0.01547768
0.01798624
0.02467452
0.02227555
0.01993383
0.02679389
0.02905243
0.02912684
0.02833184
0.02798215
0.01959664
0.02296003
0.02586603
0.01610830
0.00710452
0.00975666
0.01278624
0.00491478
0.00055165
0.00184221
0.00321988
-0.00088192
-0.00560812
-0.00428858
-0.00258738
-0.00616861
-0.00356486
-0.00470079
-0.00574239
-0.00285569
-0.00547652
-0.00390621
-0.00298238
-0.00754263
-0.01406278
-0.01221993
-0.00991142
-0.01503457
-0.01258021
-0.01390206
-0.01487473
-0.01137281
-0.01009461
-0.01027322
-0.01063316
-0.00989894
-0.00962280
-0.00937314
-0.00957661
-0.01065990
-0.01833523
-0.01539549
-0.01268896
-0.02106394
-0.02483056
-0.02449324
-0.02318511
-0.02403933
-0.01491381
-0.01891337
-0.02202093
-0.01021938
0.00683817
0.00069555
-0.00499849
0.01340480
0.03472460
0.02751081
0.02034576
0.04181176
0.06073548
0.05495680
0.04860344
0.06580314
0.07521131
0.07321106
0.07001731
0.07584500
0.06864011
0.07256461
0.07496959
0.06320614
0.03873295
0.04808260
0.05630183
0.02843737
-0.00519473
0.00606796
0.01742055
-0.01594185
-0.04186179
-0.03449151
-0.02578584
-0.04769959
-0.05425443
-0.05405080
-0.05181550
-0.05227535
-0.03480594
-0.04207585
-0.04807638
-0.02679885
-0.00175014
-0.01013116
-0.01851543
0.00652349
0.02919961
0.02219604
0.01456861
0.03537313
0.04405395
0.04357638
0.04040681
0.04101165
0.01130769
0.02366952
0.03394829
-0.00200485
-0.03745892
-0.02728915
-0.01517780
-0.04480715
-0.04829663
-0.04964468
-0.04871958
-0.04538960
-0.03190887
-0.03700049
-0.04154342
-0.02641663
-0.00989880
-0.01508386
-0.02070449
-0.00549341
0.00161888
0.00019908
-0.00213713
0.00222591
0.00132850
0.00174862
0.00216538
0.00125789
0.00512412
0.00311811
0.00183235
0.00785930
0.01960180
0.01527811
0.01129823
0.02407216
0.03748341
0.03298775
0.02853247
0.04206491
0.05602222
0.05144298
0.04674965
0.06036469
0.07059813
0.06780518
0.06434228
0.07256590
0.07318999
0.07376766
0.07359858
0.07198241
0.06503264
0.06793273
0.07023524
0.06149269
0.04592212
0.05212005
0.05724511
0.03845596
0.00924512
0.01975248
0.02962807
-0.00147810
-0.03206441
-0.02228790
-0.01204869
-0.04124693
-0.06314125
-0.05707475
-0.04967539
-0.06757112
-0.06992916
-0.07087652
-0.07013191
-0.06741408
-0.05247936
-0.05840715
-0.06348418
-0.04599718
-0.02560769
-0.03238320
-0.03923550
-0.01907637
-0.00192688
-0.00721007
-0.01293091
0.00290561
0.01443740
0.01112751
0.00726952
0.01715701
0.02136394
0.02066009
0.01924458
0.02131653
0.01554425
0.01859429
0.02045137
0.01110018
-0.01135073
-0.00240212
0.00510754
-0.02166023
-0.05660115
-0.04505044
-0.03312765
-0.06695235
-0.08792684
-0.08234418
-0.07547630
-0.09259518
-0.10123880
-0.09961040
-0.09658732
-0.10104690
-0.08906671
-0.09461780
-0.09874884
-0.08250849
-0.05881342
-0.06739812
-0.07527804
-0.04946868
-0.01907469
-0.02909372
-0.03941058
-0.00991007
0.00835811
0.00406416
-0.00210212
0.01054906
0.00573505
0.00874752
0.01053737
0.00205547
-0.00932779
-0.00564503
-0.00180596
-0.01272029
-0.01815887
-0.01760750
-0.01562719
-0.01677890
-0.00154206
-0.00784949
-0.01316948
0.00502967
0.02311776
0.01726415
0.01129140
0.02902207
0.04540079
0.04067349
0.03502335
0.04863357
0.04807371
0.04964015
0.04996405
0.04567655
0.03612538
0.03959485
0.04280520
0.03247668
0.02183166
0.02513225
0.02875001
0.01905651
0.01512073
0.01566503
0.01698374
0.01537121
0.02018502
0.01806834
0.01640312
0.02257135
0.02990191
0.02753583
0.02505926
0.03205833
0.03572046
0.03518037
0.03388529
0.03528250
0.02809175
0.03123852
0.03372570
0.02455615
0.01314844
0.01705322
0.02085896
0.00915411
-0.00305702
0.00099826
0.00508766
-0.00702109
-0.01774406
-0.01443210
-0.01083497
-0.02070239
-0.02657485
-0.02522623
-0.02323138
-0.02716516
-0.02496352
-0.02612567
-0.02694798
-0.02372677
-0.02165322
-0.02192215
-0.02265965
-0.02199180
-0.02579620
-0.02438184
-0.02299366
-0.02687661
-0.02602690
-0.02704366
-0.02731901
-0.02424506
-0.01503566
-0.01857691
-0.02171016
-0.01127681
-0.00012854
-0.00372857
-0.00747332
0.00324080
0.01053790
0.00877549
0.00627247
0.01134772
0.00767937
0.00977651
0.01105733
0.00494004
-0.00542636
-0.00177953
0.00173128
-0.00904318
-0.01745608
-0.01534573
-0.01244185
-0.01847413
-0.01516157
-0.01697896
-0.01821872
-0.01317324
-0.00777868
-0.00957845
-0.01132916
-0.00578746
0.00168062
-0.00098055
-0.00350232
0.00438394
0.01246169
0.00973173
0.00705764
0.01530300
0.02424988
0.02130455
0.01828150
0.02699522
0.03223716
0.03122752
0.02939713
0.03217678
0.02596415
0.02870264
0.03090385
0.02307936
0.01446973
0.01754969
0.02032861
0.01081586
-0.00213490
0.00193433
0.00647014
-0.00508088
-0.00583588
-0.00652403
-0.00644039
-0.00487998
-0.00274539
-0.00338090
-0.00406037
-0.00205768
0.00123159
-0.00015540
-0.00122339
0.00302290
0.00969062
0.00757150
0.00523031
0.01123182
0.01155690
0.01196522
0.01194028
0.01096556
0.00954571
0.00992366
0.01040256
0.00928558
0.01020405
0.00943016
0.00919062
0.01171212
0.02055781
0.01711326
0.01407709
0.02414792
0.03357366
0.03083509
0.02763596
0.03568000
0.03693273
0.03744083
0.03699890
0.03540151
0.02544410
0.02942354
0.03282985
0.02115308
0.00804568
0.01239202
0.01677572
0.00378040
-0.00886365
-0.00456080
-0.00038870
-0.01342500
-0.02762256
-0.02314829
-0.01828687
-0.03132298
-0.03623511
-0.03554315
-0.03394881
-0.03615374
-0.03399808
-0.03461332
-0.03548138
-0.03408420
-0.03742669
-0.03649262
-0.03511246
-0.03711669
-0.02686285
-0.03138599
-0.03499131
-0.02198402
-0.00767734
-0.01247229
-0.01719468
-0.00267036
0.01359417
0.00811589
0.00263543
0.01889342
0.03133675
0.02806616
0.02381412
0.03331312
0.03235699
0.03331960
0.03383093
0.03152095
0.03220607
0.03154898
0.03126546
0.03307130
0.03681026
0.03522336
0.03403661
0.03897604
0.04744287
0.04478401
0.04177753
0.04920151
0.04683567
0.04878122
0.04962901
0.04396988
0.03157362
0.03617209
0.04035944
0.02672981
0.01159841
0.01673650
0.02177735
0.00635425
-0.00954602
-0.00432261
0.00101580
-0.01453947
-0.02619588
-0.02314121
-0.01915856
-0.02803105
-0.02623790
-0.02774600
-0.02846385
-0.02429993
-0.01895423
-0.02041105
-0.02227186
-0.01813814
-0.01967900
-0.01871655
-0.01811720
-0.02074735
-0.02332456
-0.02256075
-0.02171289
-0.02403790
-0.02607198
-0.02540638
-0.02472924
-0.02672870
-0.02809708
-0.02785573
-0.02735789
-0.02795682
-0.02470419
-0.02624106
-0.02733609
-0.02275792
-0.01627046
-0.01820645
-0.02048963
-0.01504370
-0.01680491
-0.01544481
-0.01479808
-0.01869942
-0.02609640
-0.02346370
-0.02096036
-0.02874543
-0.03422287
-0.03321446
-0.03124451
-0.03383732
-0.02435913
-0.02844842
-0.03178711
-0.02005715
-0.00803860
-0.01201396
-0.01596127
-0.00385857
0.00961970
0.00521278
0.00062660
0.01356707
0.01986508
0.01896679
0.01677521
0.01919335
0.01027826
0.01359958
0.01687070
0.00780501
0.00773769
0.00700510
0.00682927
0.00843227
0.00692892
0.00809529
0.00858992
0.00507134
-0.00420610
-0.00060651
0.00252668
-0.00814994
-0.02048301
-0.01648033
-0.01230321
-0.02411298
-0.03105998
-0.02954350
-0.02718219
-0.03159471
-0.02771243
-0.02969665
-0.03107645
-0.02538091
-0.01758309
-0.02032205
-0.02291142
-0.01466484
-0.00496946
-0.00829968
-0.01155359
-0.00162927
0.00702828
0.00459062
0.00162641
0.00870431
0.00812627
0.00922062
0.00943231
0.00620629
-0.00313397
0.00035553
0.00354745
-0.00668553
-0.01657901
-0.01339472
-0.01010888
-0.01969770
-0.02884330
-0.02582983
-0.02278021
-0.03181738
-0.04019705
-0.03755326
-0.03473868
-0.04260596
-0.04779534
-0.04646661
-0.04471639
-0.04864133
-0.04856802
-0.04890604
-0.04897656
-0.04810077
-0.04639585
-0.04706187
-0.04760883
-0.04554673
-0.04129165
-0.04305230
-0.04445163
-0.03911260
-0.03087575
-0.03368030
-0.03650923
-0.02834552
-0.02387182
-0.02480308
-0.02630146
-0.02352912
-0.02622109
-0.02468753
-0.02379546
-0.02841190
-0.03658269
-0.03408674
-0.03118301
-0.03813049
-0.03507399
-0.03722539
-0.03831542
-0.03207479
-0.01960060
-0.02423159
-0.02842191
-0.01462569
0.00224995
-0.00377785
-0.00937197
0.00880469
0.03026159
0.02318609
0.01589439
0.03670268
0.05156154
0.04705300
0.04222169
0.05611222
0.06960961
0.06559769
0.06091970
0.07241892
0.07216600
0.07343915
0.07363352
0.07014428
0.06172169
0.06482984
0.06766092
0.05840711
0.04759302
0.05134105
0.05494423
0.04369561
0.03169057
0.03562081
0.03966756
0.02801206
0.01948245
0.02184543
0.02470729
0.01767433
0.01647332
0.01604564
0.01648941
0.01790277
0.02723020
0.02361428
0.02038007
0.03085265
0.04039333
0.03732336
0.03419481
0.04355977
0.05298932
0.05015067
0.04689628
0.05507859
0.05573226
0.05633180
0.05616702
0.05452776
0.04846487
0.05081886
0.05286234
0.04586793
0.03773100
0.04034462
0.04311175
0.03543533
0.03076309
0.03205937
0.03357253
0.02955092
0.02664493
0.02730815
0.02834763
0.02657044
0.03025615
0.02851961
0.02723240
0.03226608
0.03749110
0.03619920
0.03434808
0.03789543
0.03316326
0.03551725
0.03718251
0.03038411
0.02110332
0.02430001
0.02740530
0.01785032
0.00903118
0.01159036
0.01461043
0.00717394
0.00544799
0.00570685
0.00615686
0.00500437
0.00181276
0.00295013
0.00411144
0.00099165
0.00204849
0.00108211
0.00073093
0.00363342
0.01152047
0.00849080
0.00581754
0.01477383
0.02418608
0.02131324
0.01810472
0.02650991
0.02961406
0.02911945
0.02812918
0.02974633
0.02882576
0.02931596
0.02963195
0.02818876
0.02459557
0.02626531
0.02739252
0.02217175
0.01050227
0.01487995
0.01886533
0.00601899
-0.00701809
-0.00265706
0.00164935
-0.01155156
-0.02624515
-0.02127538
-0.01633384
-0.03111214
-0.04421929
-0.04014199
-0.03576136
-0.04795849
-0.05682044
-0.05428963
-0.05132558
-0.05888782
-0.06172611
-0.06142818
-0.06045117
-0.06125222
-0.05566677
-0.05803123
-0.05996543
-0.05308919
-0.04514366
-0.04783570
-0.05047470
-0.04237005
-0.03365489
-0.03657669
-0.03950042
-0.03079104
-0.02312557
-0.02546665
-0.02804183
-0.02107863
-0.01713756
-0.01805834
-0.01937977
-0.01664065
-0.01790891
-0.01700646
-0.01659022
-0.01931716
-0.02596079
-0.02348884
-0.02122071
-0.02847578
-0.03522026
-0.03315446
-0.03089338
-0.03705197
-0.04084999
-0.03988623
-0.03861435
-0.04148798
-0.04113361
-0.04167542
-0.04177749
-0.04010387
-0.03429618
-0.03659260
-0.03856361
-0.03177969
-0.02454099
-0.02667908
-0.02916988
-0.02298936
-0.02154893
-0.02179767
-0.02216006
-0.02106058
-0.01657412
-0.01852945
-0.02005154
-0.01426537
-0.00684074
-0.00915102
-0.01171354
-0.00504562
-0.00304505
-0.00336058
-0.00394209
-0.00273943
-0.00016365
-0.00138325
-0.00221887
0.00150884
0.00916721
0.00626133
0.00367479
0.01229122
0.02215907
0.01884775
0.01553950
0.02541655
0.03331024
0.03125001
0.02852673
0.03443128
0.03164536
0.03341714
0.03442022
0.02932818
0.02145975
0.02398715
0.02669346
0.01936173
0.01605984
0.01683684
0.01786622
0.01532149
0.01312118
0.01367472
0.01447915
0.01303155
0.01615404
0.01464503
0.01356246
0.01796424
0.02457353
0.02217212
0.01997350
0.02719113
0.03515776
0.03273822
0.02998955
0.03696881
0.03729138
0.03804323
0.03794140
0.03570296
0.02704476
0.03036791
0.03333046
0.02359043
0.01342946
0.01681924
0.02018602
0.00995606
-0.00070346
0.00277327
0.00637058
-0.00392719
-0.01194763
-0.00943899
-0.00680962
-0.01446790
-0.02212524
-0.01968850
-0.01708412
-0.02423851
-0.02824774
-0.02721758
-0.02591578
-0.02911006
-0.03081859
-0.03047696
-0.02987467
-0.03080126
-0.02798671
-0.02940738
-0.03034052
-0.02606339
-0.01796881
-0.02089794
-0.02365350
-0.01503823
-0.00661759
-0.00946372
-0.01222862
-0.00356428
0.00697483
0.00333480
-0.00021946
0.01057697
0.02006878
0.01721717
0.01402308
0.02248748
0.02655038
0.02575581
0.02439424
0.02675614
0.02394878
0.02541067
0.02636336
0.02202841
0.01431675
0.01710196
0.01971113
0.01147138
0.00413840
0.00618374
0.00869672
0.00276667
0.00352288
0.00250350
0.00222897
0.00521974
0.01309075
0.01019547
0.00750410
0.01598683
0.02282242
0.02102041
0.01868704
0.02392853
0.02350584
0.02401115
0.02425124
0.02303294
0.02285752
0.02280375
0.02281867
0.02284931
0.02156738
0.02224910
0.02266406
0.02058182
0.01604832
0.01773371
0.01927821
0.01432205
0.00983888
0.01112937
0.01265272
0.00886808
0.00800303
0.00801393
0.00827646
0.00816629
0.00870141
0.00863876
0.00841791
0.00847838
0.00589669
0.00698431
0.00788208
0.00473087
0.00178957
0.00258421
0.00359511
0.00130262
0.00248223
0.00158193
0.00121033
0.00397601
0.01110722
0.00854129
0.00607033
0.01348647
0.01789697
0.01691666
0.01544219
0.01837020
0.01664743
0.01775240
0.01832452
0.01500315
0.00816850
0.01048528
0.01286493
0.00621888
0.00393746
0.00414099
0.00487856
0.00419925
0.00690899
0.00579049
0.00485097
0.00809766
0.01100180
0.01025181
0.00924788
0.01139019
0.00970119
0.01076771
0.01132385
0.00810373
0.00072003
0.00347076
0.00598439
-0.00211058
-0.01051912
-0.00768173
-0.00490126
-0.01348055
-0.02336005
-0.01991950
-0.01661758
-0.02691296
-0.03713440
-0.03399930
-0.03052053
-0.03971092
-0.04403266
-0.04294870
-0.04159148
-0.04509348
-0.04944523
-0.04779266
-0.04633708
-0.05127981
-0.05727651
-0.05530194
-0.05326477
-0.05907366
-0.06224732
-0.06167493
-0.06057839
-0.06217959
-0.05806953
-0.05998392
-0.06139628
-0.05578014
-0.04837536
-0.05071576
-0.05325919
-0.04646348
-0.04354477
-0.04423196
-0.04513121
-0.04284863
-0.03987443
-0.04095380
-0.04197359
-0.03882068
-0.03562099
-0.03682142
-0.03783905
-0.03409096
-0.02717409
-0.02978642
-0.03212598
-0.02439079
-0.01561226
-0.01859381
-0.02152275
-0.01258636
-0.00316730
-0.00638778
-0.00951853
0.00016974
0.01067247
0.00715977
0.00363254
0.01409169
0.02366798
0.02053209
0.01736324
0.02684064
0.03548063
0.03304309
0.03005330
0.03703654
0.03573019
0.03695913
0.03747808
0.03404179
0.02934790
0.03047324
0.03216752
0.02918044
0.03487371
0.03225535
0.03023235
0.03771170
0.04523702
0.04297355
0.04044734
0.04718441
0.05020250
0.04980080
0.04874779
0.04981191
0.04383969
0.04649386
0.04853856
0.04073796
0.03010343
0.03376147
0.03734081
0.02647018
0.01609302
0.01949615
0.02294073
0.01268792
0.00358907
0.00616109
0.00929530
0.00188303
0.00193258
0.00137558
0.00123321
0.00252663
0.00252157
0.00283890
0.00284557
0.00190848
-0.00089416
0.00005087
0.00103908
-0.00163400
-0.00241115
-0.00226752
-0.00205883
-0.00264077
-0.00443727
-0.00368997
-0.00307341
-0.00526219
-0.00756796
-0.00690169
-0.00610774
-0.00803050
-0.00794886
-0.00819235
-0.00823227
-0.00753990
-0.00551318
-0.00632229
-0.00699662
-0.00456560
-0.00091187
-0.00225705
-0.00347794
0.00054865
0.00498071
0.00361633
0.00209511
0.00605663
0.00649454
0.00689279
0.00672199
0.00545277
-0.00133879
0.00141915
0.00372779
-0.00441168
-0.01465163
-0.01110567
-0.00768276
-0.01829186
-0.02911762
-0.02562958
-0.02198379
-0.03233626
-0.04019366
-0.03779562
-0.03520848
-0.04249855
-0.04916452
-0.04702030
-0.04478219
-0.05116653
-0.05551316
-0.05445491
-0.05296602
-0.05602073
-0.05432133
-0.05528363
-0.05590507
-0.05318312
-0.05015933
-0.05097853
-0.05202640
-0.04968862
-0.04996316
-0.04979717
-0.04962688
-0.04988856
-0.04691274
-0.04838483
-0.04937612
-0.04495791
-0.03638446
-0.03965356
-0.04252606
-0.03276281
-0.02019689
-0.02463029
-0.02883168
-0.01556971
-0.00107481
-0.00593645
-0.01079319
0.00371643
0.01718646
0.01286701
0.00837203
0.02131548
0.03156317
0.02869142
0.02520776
0.03361972
0.03504109
0.03511877
0.03473838
0.03478556
0.03524678
0.03471150
0.03461360
0.03638694
0.04306829
0.04054647
0.03822381
0.04550266
0.05051337
0.04928805
0.04760365
0.05123708
0.05010564
0.05104881
0.05142157
0.04857893
0.04093187
0.04388993
0.04647648
0.03771489
0.02799106
0.03105963
0.03436472
0.02535043
0.01995183
0.02153835
0.02325662
0.01825325
0.01173012
0.01404336
0.01626113
0.00945165
0.00361104
0.00536697
0.00731904
0.00206683
-0.00148283
-0.00042578
0.00073721
-0.00249463
-0.00538724
-0.00448353
-0.00350414
-0.00616971
-0.00794751
-0.00737046
-0.00680811
-0.00862997
-0.01120689
-0.01037474
-0.00947117
-0.01183381
-0.01223395
-0.01225938
-0.01216204
-0.01219389
-0.01278508
-0.01241878
-0.01223687
-0.01338119
-0.01597364
-0.01513969
-0.01421445
-0.01653301
-0.01653261
-0.01662875
-0.01670125
-0.01662993
-0.01897215
-0.01789367
-0.01709036
-0.02025809
-0.02461253
-0.02316048
-0.02168116
-0.02595379
-0.02899789
-0.02812402
-0.02712002
-0.02977371
-0.03194677
-0.03119303
-0.03048775
-0.03280619
-0.03560948
-0.03478020
-0.03379216
-0.03611917
-0.03485394
-0.03575322
-0.03617554
-0.03347943
-0.02671652
-0.02936933
-0.03163863
-0.02372519
-0.01403596
-0.01716354
-0.02047242
-0.01132711
-0.00654765
-0.00765911
-0.00921737
-0.00577833
-0.00402428
-0.00471346
-0.00522974
-0.00295703
0.00272880
0.00058837
-0.00137453
0.00484391
0.01067587
0.00868068
0.00679258
0.01294576
0.02185634
0.01861763
0.01561267
0.02522450
0.03550440
0.03206286
0.02863418
0.03895266
0.04876550
0.04569339
0.04238256
0.05147926
0.05667460
0.05547185
0.05372986
0.05730751
0.05559848
0.05677613
0.05734430
0.05380685
0.04556398
0.04861873
0.05142862
0.04245118
0.03452770
0.03676761
0.03946327
0.03290702
0.03172609
0.03168274
0.03200724
0.03192984
0.03245233
0.03229197
0.03212446
0.03262546
0.03287173
0.03292708
0.03281096
0.03254283
0.02952794
0.03084386
0.03186176
0.02795281
0.02190589
0.02413442
0.02615156
0.01947047
0.01132880
0.01410390
0.01684603
0.00860542
0.00116879
0.00352706
0.00600278
-0.00108154
-0.00746671
-0.00535173
-0.00324035
-0.00963629
-0.01631421
-0.01414523
-0.01188673
-0.01829611
-0.02250685
-0.02141600
-0.02000681
-0.02326251
-0.02385212
-0.02384968
-0.02368473
-0.02378681
-0.02314887
-0.02354070
-0.02371211
-0.02241288
-0.01789001
-0.01970608
-0.02124558
-0.01589306
-0.01059576
-0.01198276
-0.01384133
-0.00995871
-0.01271884
-0.01127402
-0.01025326
-0.01428557
-0.01833837
-0.01706289
-0.01573291
-0.01962223
-0.02354705
-0.02228708
-0.02095490
-0.02466308
-0.02669361
-0.02625443
-0.02557319
-0.02687752
-0.02636863
-0.02660541
-0.02681530
-0.02622575
-0.02645318
-0.02637441
-0.02625626
-0.02636551
-0.02480493
-0.02547054
-0.02602035
-0.02411234
-0.02187619
-0.02273938
-0.02344883
-0.02075146
-0.01551473
-0.01751868
-0.01928645
-0.01334117
-0.00647299
-0.00875283
-0.01106474
-0.00429277
0.00096964
-0.00050287
-0.00227990
0.00206895
0.00282235
0.00298629
0.00274052
0.00226478
-0.00079720
0.00027357
0.00135972
-0.00165612
-0.00171700
-0.00216585
-0.00213339
-0.00075037
0.00440572
0.00252210
0.00072553
0.00614277
0.00964172
0.00868814
0.00755532
0.01051651
0.01358372
0.01240520
0.01140968
0.01502592
0.02024785
0.01858152
0.01675715
0.02150495
0.02197365
0.02227994
0.02216328
0.02136315
0.01884446
0.01968987
0.02056536
0.01813688
0.01752614
0.01744996
0.01766037
0.01790940
0.02023030
0.01941949
0.01858778
0.02084597
0.02054018
0.02102024
0.02112042
0.01967500
0.01503487
0.01686269
0.01843125
0.01301336
0.00695731
0.00880409
0.01088278
0.00552247
0.00435780
0.00427328
0.00463766
0.00481968
0.00774585
0.00658694
0.00558709
0.00899044
0.01261594
0.01147614
0.01025144
0.01362225
0.01529072
0.01502119
0.01444413
0.01518998
0.01338277
0.01402497
0.01470601
0.01301533
0.01423667
0.01354943
0.01309620
0.01501961
0.01658803
0.01632775
0.01576097
0.01640986
0.01383340
0.01477580
0.01573198
0.01319685
0.01409365
0.01343201
0.01308603
0.01492982
0.01728896
0.01662486
0.01580735
0.01770624
0.01764851
0.01775424
0.01782423
0.01765930
0.01832759
0.01816960
0.01788013
0.01815399
0.01483207
0.01636401
0.01749273
0.01296116
0.00583849
0.00842429
0.01081114
0.00309163
-0.00531553
-0.00260900
0.00023719
-0.00775098
-0.01259030
-0.01142329
-0.00980147
-0.01327633
-0.01327871
-0.01342430
-0.01349566
-0.01327533
-0.01452338
-0.01403966
-0.01356545
-0.01484206
-0.01378689
-0.01450073
-0.01484796
-0.01269293
-0.00772749
-0.00952760
-0.01123248
-0.00598134
-0.00150227
-0.00293470
-0.00439921
-0.00001639
0.00432070
0.00307368
0.00156045
0.00509890
0.00433609
0.00495446
0.00527019
0.00359949
0.00181342
0.00229854
0.00290272
0.00147380
0.00124075
0.00123265
0.00129310
0.00126570
0.00163365
0.00136942
0.00128205
0.00218063
0.00546611
0.00421721
0.00307508
0.00668086
0.00943488
0.00865870
0.00774734
0.01009582
0.01113646
0.01101838
0.01064480
0.01091894
0.00800892
0.00932176
0.01030634
0.00641155
0.00118706
0.00278630
0.00460440
0.00003654
-0.00016668
-0.00051526
-0.00049997
0.00038843
0.00258896
0.00174651
0.00102494
0.00358816
0.00768243
0.00614024
0.00477246
0.00938991
0.01488982
0.01310931
0.01123421
0.01645034
0.01898822
0.01853729
0.01768140
0.01900441
0.01636172
0.01767715
0.01856405
0.01463574
0.00773286
0.01018956
0.01253788
0.00530987
-0.00102514
0.00092918
0.00303716
-0.00283688
-0.00736680
-0.00602935
-0.00451117
-0.00849891
-0.01041713
-0.01004869
-0.00940108
-0.01048180
-0.00947032
-0.00985715
-0.01025005
-0.00925679
-0.01028926
-0.00971070
-0.00934532
-0.01101731
-0.01343792
-0.01266015
-0.01183030
-0.01409466
-0.01507997
-0.01489687
-0.01457737
-0.01515343
-0.01502629
-0.01509117
-0.01514562
-0.01498718
-0.01522208
-0.01508237
-0.01500396
-0.01542274
-0.01606611
-0.01591047
-0.01567213
-0.01606738
-0.01486927
-0.01545082
-0.01585896
-0.01414061
-0.01135395
-0.01235279
-0.01329185
-0.01032582
-0.00739654
-0.00831136
-0.00929987
-0.00659161
-0.00487008
-0.00535906
-0.00592065
-0.00441697
-0.00329082
-0.00358555
-0.00397724
-0.00314198
-0.00301099
-0.00316684
-0.00314910
-0.00249735
0.00146651
-0.00012383
-0.00149970
0.00310754
0.00751759
0.00612971
0.00466588
0.00884810
0.01228418
0.01129366
0.01012510
0.01302703
0.01373996
0.01368875
0.01347728
0.01370940
0.01350046
0.01359503
0.01366034
0.01336362
0.01225576
0.01281818
0.01315990
0.01138991
0.00683448
0.00862146
0.01016346
0.00487312
-0.00191415
0.00054286
0.00278712
-0.00463839
-0.01414494
-0.01086518
-0.00765417
-0.01736697
-0.02609344
-0.02333091
-0.02042967
-0.02873998
-0.03542822
-0.03354412
-0.03126429
-0.03676534
-0.03709067
-0.03752205
-0.03744529
-0.03624618
-0.03213509
-0.03368340
-0.03508179
-0.03052093
-0.02607769
-0.02741762
-0.02892329
-0.02497723
-0.02317275
-0.02358901
-0.02416491
-0.02283932
-0.02218312
-0.02229602
-0.02253471
-0.02225588
-0.02294605
-0.02283023
-0.02252822
-0.02265981
-0.01866258
-0.02044215
-0.02180871
-0.01657246
-0.00919751
-0.01179161
-0.01426439
-0.00652546
0.00139965
-0.00115808
-0.00382348
0.00377857
0.00941592
0.00779985
0.00591811
0.01075843
0.01298480
0.01256727
0.01181651
0.01304322
0.01058294
0.01191337
0.01270840
0.00864192
-0.00021516
0.00303665
0.00606627
-0.00345733
-0.01242178
-0.00946372
-0.00651784
-0.01551883
-0.02537133
-0.02218064
-0.01882462
-0.02818112
-0.03277804
-0.03197608
-0.03041699
-0.03274256
-0.02812555
-0.03022828
-0.03183810
-0.02574232
-0.01789133
-0.02064554
-0.02324870
-0.01494460
-0.00526325
-0.00852358
-0.01179086
-0.00213034
0.00544136
0.00331347
0.00075995
0.00705475
0.00881196
0.00864706
0.00809783
0.00870205
0.00732585
0.00794986
0.00840859
0.00653658
0.00395195
0.00469182
0.00561075
0.00356328
0.00478770
0.00410200
0.00364470
0.00555431
0.00755554
0.00694500
0.00627993
0.00811757
0.00981957
0.00919329
0.00864624
0.01058597
0.01412123
0.01271937
0.01154544
0.01576450
0.02167070
0.01964937
0.01764018
0.02358280
0.02830430
0.02684695
0.02529594
0.02973645
0.03368179
0.03253694
0.03117912
0.03448557
0.03395091
0.03467049
0.03483428
0.03263223
0.02595670
0.02841198
0.03071961
0.02360114
0.01796246
0.01969155
0.02153179
0.01622654
0.01102345
0.01262538
0.01441119
0.00975973
0.00838659
0.00852218
0.00894580
0.00843679
0.00912822
0.00881845
0.00858713
0.00951391
0.01058514
0.01035001
0.00995387
0.01054206
0.00815918
0.00932659
0.01012534
0.00663648
0.00091223
0.00282815
0.00480305
-0.00074424
-0.00362331
-0.00291286
-0.00199530
-0.00425305
-0.00601758
-0.00550800
-0.00489497
-0.00634915
-0.00576252
-0.00624886
-0.00643676
-0.00495481
-0.00128976
-0.00255484
-0.00383670
-0.00022202
0.00100835
0.00090048
0.00050548
0.00087448
-0.00038557
0.00010398
0.00054936
-0.00084320
-0.00157015
-0.00144913
-0.00120416
-0.00155924
-0.00119465
-0.00126959
-0.00142842
-0.00131547
-0.00340384
-0.00242379
-0.00172292
-0.00464883
-0.00929206
-0.00771698
-0.00612456
-0.01071579
-0.01321605
-0.01271455
-0.01187182
-0.01334841
-0.01191170
-0.01258964
-0.01310815
-0.01119315
-0.00977126
-0.01004704
-0.01054500
-0.00978964
-0.01157074
-0.01077197
-0.01014605
-0.01244572
-0.01491243
-0.01414173
-0.01331327
-0.01560670
-0.01727393
-0.01675934
-0.01621438
-0.01779052
-0.01920731
-0.01882031
-0.01832412
-0.01941334
-0.01917697
-0.01927661
-0.01940178
-0.01924199
-0.02075331
-0.02010758
-0.01957144
-0.02141153
-0.02257756
-0.02240294
-0.02198837
-0.02243459
-0.02033133
-0.02118383
-0.02193368
-0.01952249
-0.01765836
-0.01827654
-0.01886056
-0.01689395
-0.01339820
-0.01471389
-0.01590071
-0.01201836
-0.00809078
-0.00931017
-0.01063722
-0.00703259
-0.00489010
-0.00547455
-0.00617171
-0.00436733
-0.00296046
-0.00339211
-0.00386639
-0.00258744
-0.00186235
-0.00204637
-0.00228468
-0.00172248
-0.00126084
-0.00147370
-0.00160898
-0.00091464
0.00116309
0.00030647
-0.00039113
0.00216372
0.00608665
0.00459828
0.00330099
0.00779718
0.01372889
0.01175904
0.00972968
0.01548288
0.01884988
0.01800340
0.01690034
0.01949760
0.02029618
0.02027094
0.01998474
0.02000046
0.01746313
0.01846556
0.01935620
0.01648350
0.01416974
0.01487690
0.01562949
0.01345206
0.01070114
0.01176863
0.01266880
0.00941592
0.00468061
0.00626646
0.00789704
0.00329592
0.00077999
0.00142000
0.00222685
0.00021144
-0.00106214
-0.00080921
-0.00034558
-0.00098706
0.00116482
0.00025651
-0.00051164
0.00206070
0.00410340
0.00348794
0.00282695
0.00473310
0.00694167
0.00616651
0.00542331
0.00772782
0.00984884
0.00922141
0.00850049
0.01034107
0.01104124
0.01088692
0.01067310
0.01119480
0.01153793
0.01152704
0.01138038
0.01131618
0.00914306
0.01004111
0.01079665
0.00819600
0.00595320
0.00651623
0.00729185
0.00568680
0.00675938
0.00615832
0.00577336
0.00749425
0.00981386
0.00907627
0.00828564
0.01044612
0.01128982
0.01121567
0.01092454
0.01111728
0.00886194
0.00992504
0.01066983
0.00745957
0.00160693
0.00373086
0.00571918
-0.00054029
-0.00635805
-0.00456187
-0.00261180
-0.00796793
-0.01131290
-0.01048645
-0.00935750
-0.01179497
-0.01130861
-0.01172215
-0.01191124
-0.01075151
-0.00899685
-0.00952107
-0.01013062
-0.00863195
-0.00824130
-0.00838222
-0.00846363
-0.00789448
-0.00518618
-0.00630317
-0.00723355
-0.00396544
-0.00001905
-0.00139888
-0.00270565
0.00145994
0.00647835
0.00473844
0.00305401
0.00823886
0.01277281
0.01152739
0.00996575
0.01355102
0.01283218
0.01347512
0.01375771
0.01195778
0.00903422
0.00997078
0.01097340
0.00824805
0.00682918
0.00722534
0.00766672
0.00638349
0.00457385
0.00519332
0.00582213
0.00404055
0.00318117
0.00337831
0.00365004
0.00301443
0.00227637
0.00260181
0.00283470
0.00181900
-0.00058349
0.00039688
0.00119606
-0.00174998
-0.00591467
-0.00451267
-0.00308898
-0.00718862
-0.00969060
-0.00907861
-0.00824711
-0.01009052
-0.01009913
-0.01028596
-0.01028608
-0.00973453
-0.00758577
-0.00848474
-0.00919822
-0.00649297
-0.00289393
-0.00396681
-0.00523229
-0.00221101
-0.00243519
-0.00219995
-0.00203986
-0.00248947
-0.00083130
-0.00157173
-0.00217432
-0.00010266
0.00087562
0.00082726
0.00047789
0.00055320
-0.00227901
-0.00116980
-0.00017064
-0.00333300
-0.00557539
-0.00492962
-0.00420592
-0.00621449
-0.00814684
-0.00756292
-0.00689385
-0.00857069
-0.00897187
-0.00888722
-0.00879066
-0.00915617
-0.01017193
-0.00989934
-0.00950532
-0.01015678
-0.00783347
-0.00892743
-0.00972876
-0.00652762
-0.00222489
-0.00362649
-0.00509350
-0.00098698
0.00105451
0.00069134
-0.00000022
0.00105609
-0.00072305
0.00005431
0.00068945
-0.00151635
-0.00330519
-0.00281633
-0.00222064
-0.00368895
-0.00448067
-0.00422332
-0.00397877
-0.00480890
-0.00618089
-0.00572696
-0.00524316
-0.00652556
-0.00658693
-0.00671081
-0.00669922
-0.00635419
-0.00477756
-0.00552297
-0.00602099
-0.00370219
0.00105131
-0.00060999
-0.00226164
0.00252083
0.00493960
0.00442703
0.00364067
0.00523812
0.00531611
0.00539321
0.00537746
0.00517692
0.00483227
0.00487614
0.00501149
0.00494131
0.00585338
0.00558329
0.00522962
0.00589093
0.00412625
0.00497109
0.00558430
0.00312469
0.00004860
0.00098657
0.00204577
-0.00066664
-0.00144378
-0.00131412
-0.00109404
-0.00159994
-0.00264925
-0.00223798
-0.00187183
-0.00305649
-0.00346529
-0.00357421
-0.00339954
-0.00295755
0.00101201
-0.00061032
-0.00197649
0.00276160
0.00763104
0.00617022
0.00451494
0.00880102
0.01044078
0.01013141
0.00961483
0.01063295
0.01134763
0.01100833
0.01079576
0.01189061
0.01448827
0.01359234
0.01267633
0.01521377
0.01582028
0.01583537
0.01565390
0.01567074
0.01546328
0.01534320
0.01546467
0.01598184
0.01977377
0.01833134
0.01699197
0.02109307
0.02298559
0.02273465
0.02209769
0.02283217
0.02041105
0.02143107
0.02228006
0.01934582
0.01676298
0.01747220
0.01834737
0.01626236
0.01598197
0.01592222
0.01599607
0.01611651
0.01662615
0.01644741
0.01627611
0.01680807
0.01702001
0.01707245
0.01697741
0.01674688
0.01433438
0.01538295
0.01619701
0.01308100
0.00830456
0.01005357
0.01164937
0.00641328
0.00008221
0.00227347
0.00439391
-0.00214962
-0.00835192
-0.00648538
-0.00437570
-0.00984857
-0.01171210
-0.01148016
-0.01088046
-0.01164070
-0.01004275
-0.01078397
-0.01132269
-0.00911722
-0.00551086
-0.00681391
-0.00802907
-0.00415900
-0.00038931
-0.00152090
-0.00280439
0.00050955
0.00160593
0.00146490
0.00111726
0.00159381
0.00111064
0.00130543
0.00147968
0.00093490
0.00082152
0.00077036
0.00081422
0.00098591
0.00186899
0.00158748
0.00126427
0.00202223
0.00171460
0.00185480
0.00199278
0.00167850
0.00253517
0.00212969
0.00182603
0.00298819
0.00442434
0.00391889
0.00344687
0.00498331
0.00736355
0.00639589
0.00562260
0.00858596
0.01324508
0.01169866
0.01008127
0.01452746
0.01572694
0.01578481
0.01538487
0.01521087
0.01147445
0.01296998
0.01425715
0.00989566
0.00550438
0.00686831
0.00834366
0.00428669
0.00193053
0.00245038
0.00325267
0.00174383
0.00291760
0.00234393
0.00191239
0.00351252
0.00436570
0.00432698
0.00401337
0.00404191
0.00087549
0.00220999
0.00329969
-0.00060113
-0.00521853
-0.00367717
-0.00213059
-0.00673234
-0.01091204
-0.00959596
-0.00819727
-0.01212915
-0.01473951
-0.01411700
-0.01322042
-0.01500860
-0.01383540
-0.01444571
-0.01487949
-0.01317668
-0.01195185
-0.01215555
-0.01258880
-0.01205263
-0.01373849
-0.01311395
-0.01248863
-0.01417218
-0.01377009
-0.01410454
-0.01427467
-0.01337964
-0.01248740
-0.01272531
-0.01302416
-0.01231475
-0.01187807
-0.01207777
-0.01219859
-0.01152526
-0.00975475
-0.01034453
-0.01098025
-0.00934756
-0.00989491
-0.00942217
-0.00923393
-0.01063479
-0.01405685
-0.01277933
-0.01161605
-0.01538084
-0.01879134
-0.01784898
-0.01667751
-0.01940066
-0.01877698
-0.01937810
-0.01959474
-0.01781761
-0.01339058
-0.01502926
-0.01653874
-0.01172412
-0.00727571
-0.00862567
-0.01012032
-0.00610595
-0.00369406
-0.00434867
-0.00513936
-0.00313570
-0.00230423
-0.00234528
-0.00265837
-0.00264304
-0.00577325
-0.00452304
-0.00342346
-0.00700557
-0.00987695
-0.00902898
-0.00808730
-0.01067756
-0.01293763
-0.01222695
-0.01146526
-0.01357231
-0.01485313
-0.01453820
-0.01410906
-0.01504723
-0.01502050
-0.01510045
-0.01512064
-0.01491462
-0.01428662
-0.01461430
-0.01479839
-0.01373957
-0.01117548
-0.01202534
-0.01294003
-0.01057042
-0.01023148
-0.01028355
-0.01032376
-0.00994923
-0.00696483
-0.00824362
-0.00927132
-0.00553365
-0.00116226
-0.00256434
-0.00404322
0.00009778
0.00299183
0.00211407
0.00117346
0.00387893
0.00653165
0.00573689
0.00481845
0.00710010
0.00715407
0.00736468
0.00736676
0.00679513
0.00554368
0.00590663
0.00635225
0.00534878
0.00561829
0.00550605
0.00537000
0.00556808
0.00418809
0.00476110
0.00525871
0.00365253
0.00280922
0.00297038
0.00324542
0.00274372
0.00255357
0.00271264
0.00274140
0.00216029
-0.00033262
0.00059068
0.00147080
-0.00115164
-0.00245376
-0.00216710
-0.00175393
-0.00267653
-0.00262290
-0.00289502
-0.00286230
-0.00189418
0.00298467
0.00107658
-0.00061502
0.00491330
0.01005813
0.00840251
0.00671078
0.01174732
0.01687882
0.01525789
0.01350884
0.01825594
0.02029051
0.01997097
0.01929294
0.02025209
0.01840598
0.01922540
0.01987145
0.01750524
0.01455946
0.01562768
0.01659020
0.01332733
0.00935769
0.01052140
0.01192094
0.00865880
0.00953441
0.00894726
0.00857569
0.01009802
0.01079790
0.01065490
0.01045608
0.01098849
0.01208313
0.01169000
0.01130057
0.01240631
0.01270357
0.01269162
0.01260382
0.01267356
0.01260590
0.01260401
0.01263307
0.01265826
0.01311030
0.01293229
0.01277308
0.01328149
0.01386846
0.01361076
0.01343399
0.01426376
0.01595579
0.01543128
0.01482051
0.01625379
0.01549644
0.01593820
0.01622614
0.01500736
0.01383216
0.01416830
0.01455932
0.01354876
0.01301870
0.01313907
0.01331690
0.01295922
0.01288307
0.01294853
0.01295304
0.01269403
0.01139639
0.01188350
0.01234238
0.01096004
0.01000261
0.01033548
0.01062593
0.00954123
0.00690823
0.00800210
0.00887944
0.00559689
0.00087875
0.00247507
0.00408675
-0.00058532
-0.00416278
-0.00298918
-0.00184275
-0.00550171
-0.01046662
-0.00880584
-0.00709134
-0.01189505
-0.01417121
-0.01368742
-0.01295590
-0.01448890
-0.01496815
-0.01486550
-0.01471123
-0.01503562
-0.01536301
-0.01518163
-0.01509070
-0.01568943
-0.01769309
-0.01687970
-0.01620099
-0.01860866
-0.02141585
-0.02054892
-0.01958549
-0.02210317
-0.02289760
-0.02279655
-0.02255153
-0.02291406
-0.02263460
-0.02280772
-0.02288992
-0.02233774
-0.02080412
-0.02136818
-0.02190013
-0.02027020
-0.01900604
-0.01940377
-0.01981141
-0.01857699
-0.01709973
-0.01758153
-0.01809058
-0.01669508
-0.01609924
-0.01621497
-0.01640475
-0.01603105
-0.01570470
-0.01588921
-0.01597864
-0.01536702
-0.01382961
-0.01428889
-0.01485424
-0.01363505
-0.01488744
-0.01427802
-0.01381428
-0.01550368
-0.01657673
-0.01637067
-0.01600907
-0.01661547
-0.01587959
-0.01622379
-0.01648512
-0.01550060
-0.01457228
-0.01481181
-0.01513257
-0.01444795
-0.01479991
-0.01459009
-0.01446144
-0.01505688
-0.01601673
-0.01564920
-0.01533613
-0.01645937
-0.01799516
-0.01751946
-0.01698113
-0.01832902
-0.01796525
-0.01833672
-0.01845214
-0.01732023
-0.01416975
-0.01531755
-0.01640640
-0.01307906
-0.01048860
-0.01128978
-0.01213110
-0.00966103
-0.00718633
-0.00790704
-0.00877136
-0.00672750
-0.00667668
-0.00664533
-0.00659590
-0.00649085
-0.00441899
-0.00519857
-0.00595465
-0.00381232
-0.00362962
-0.00349911
-0.00352443
-0.00380925
-0.00404920
-0.00402927
-0.00394880
-0.00400712
-0.00354052
-0.00374482
-0.00390329
-0.00329923
-0.00225267
-0.00268496
-0.00302276
-0.00169272
0.00069755
-0.00017192
-0.00098630
0.00156925
0.00409953
0.00323543
0.00240626
0.00504134
0.00830124
0.00719304
0.00608662
0.00935187
0.01197534
0.01116463
0.01030077
0.01276480
0.01481901
0.01425772
0.01354617
0.01514957
0.01490174
0.01507800
0.01520412
0.01480584
0.01512818
0.01502836
0.01487721
0.01504556
0.01335305
0.01409334
0.01468499
0.01254657
0.01001614
0.01090533
0.01173641
0.00903166
0.00572502
0.00680301
0.00793656
0.00479663
0.00329181
0.00359956
0.00409121
0.00313812
0.00333586
0.00318327
0.00310985
0.00354511
0.00457142
0.00412760
0.00379901
0.00517100
0.00740681
0.00673209
0.00593345
0.00779751
0.00727880
0.00756473
0.00780386
0.00714472
0.00797609
0.00763370
0.00729953
0.00815555
0.00719313
0.00769315
0.00804493
0.00663780
0.00531230
0.00565680
0.00611057
0.00511291
0.00545700
0.00520784
0.00508384
0.00580346
0.00721240
0.00669587
0.00622172
0.00775779
0.00955602
0.00891784
0.00832312
0.01025170
0.01236238
0.01173492
0.01100183
0.01279560
0.01275328
0.01293514
0.01297227
0.01249573
0.01183340
0.01199240
0.01222686
0.01179092
0.01210842
0.01202278
0.01188139
0.01203165
0.01065778
0.01123016
0.01171905
0.01009467
0.00842326
0.00908133
0.00959787
0.00750185
0.00315410
0.00474167
0.00624029
0.00162564
-0.00202062
-0.00092719
0.00027119
-0.00306023
-0.00595744
-0.00506103
-0.00408197
-0.00673120
-0.00828386
-0.00785963
-0.00735593
-0.00867021
-0.00979961
-0.00943095
-0.00905219
-0.01015123
-0.01077859
-0.01069983
-0.01046943
-0.01064185
-0.00906175
-0.00969213
-0.01025397
-0.00846821
-0.00693840
-0.00750979
-0.00797899
-0.00614260
-0.00242124
-0.00375472
-0.00504589
-0.00119763
0.00106790
0.00054112
-0.00020733
0.00139318
0.00155686
0.00157777
0.00154437
0.00154517
0.00171776
0.00166044
0.00158832
0.00171654
0.00162963
0.00157249
0.00163914
0.00192361
0.00441106
0.00339399
0.00253244
0.00548648
0.00838455
0.00751061
0.00653394
0.00912381
0.01074406
0.01022753
0.00971606
0.01135150
0.01364584
0.01290638
0.01210118
0.01419834
0.01454947
0.01456201
0.01448069
0.01455025
0.01463791
0.01470452
0.01463203
0.01430240
0.01142373
0.01261341
0.01360669
0.01013876
0.00655020
0.00763618
0.00885323
0.00565792
0.00426438
0.00455526
0.00500324
0.00408101
0.00386613
0.00389356
0.00396244
0.00387192
0.00412208
0.00398455
0.00390700
0.00433705
0.00586371
0.00514104
0.00465593
0.00689523
0.01116121
0.00975680
0.00825526
0.01222984
0.01249232
0.01283710
0.01277804
0.01182898
0.00867687
0.00985708
0.01092854
0.00745014
0.00412980
0.00511102
0.00623976
0.00336199
0.00231580
0.00252806
0.00284822
0.00212576
0.00158491
0.00169263
0.00190012
0.00165861
0.00295778
0.00243181
0.00196473
0.00344056
0.00435674
0.00408979
0.00380577
0.00467069
0.00577182
0.00546970
0.00506745
0.00586819
0.00467226
0.00525992
0.00568304
0.00399344
0.00196743
0.00260361
0.00329033
0.00141591
-0.00007156
0.00050127
0.00095793
-0.00087806
-0.00453432
-0.00326494
-0.00198608
-0.00561391
-0.00724544
-0.00687791
-0.00637283
-0.00759168
-0.00873509
-0.00840975
-0.00799846
-0.00888401
-0.00790306
-0.00844936
-0.00878586
-0.00717549
-0.00442371
-0.00535980
-0.00630384
-0.00357590
-0.00179320
-0.00229689
-0.00287551
-0.00131761
0.00001912
-0.00037886
-0.00083771
0.00031644
0.00062267
0.00057322
0.00048871
0.00068977
0.00086884
0.00089362
0.00080296
0.00063572
-0.00160652
-0.00063864
0.00012493
-0.00273027
-0.00627681
-0.00516995
-0.00395123
-0.00716216
-0.00820928
-0.00807171
-0.00774661
-0.00823110
-0.00817782
-0.00817256
-0.00820372
-0.00825965
-0.00890359
-0.00867662
-0.00844109
-0.00905932
-0.00837368
-0.00887717
-0.00907751
-0.00748239
-0.00308068
-0.00462612
-0.00617220
-0.00177242
-0.00003968
-0.00034056
-0.00087874
0.00014213
0.00045060
0.00041258
0.00029697
0.00037266
-0.00055767
-0.00017109
0.00015459
-0.00095843
-0.00198450
-0.00167664
-0.00133429
-0.00225688
-0.00284482
-0.00268934
-0.00249255
-0.00295658
-0.00279354
-0.00297650
-0.00301435
-0.00241597
-0.00039873
-0.00110958
-0.00182313
0.00018606
0.00066620
0.00069604
0.00054791
0.00049411
-0.00042499
-0.00010621
0.00021898
-0.00068092
-0.00066476
-0.00082514
-0.00082339
-0.00032085
0.00161231
0.00088059
0.00021268
0.00233728
0.00386060
0.00351272
0.00298843
0.00398255
0.00300480
0.00350082
0.00384781
0.00242299
0.00054031
0.00117940
0.00180917
-0.00010150
-0.00171334
-0.00128864
-0.00072963
-0.00193851
-0.00148802
-0.00174374
-0.00192574
-0.00125408
-0.00127834
-0.00112699
-0.00112410
-0.00159373
-0.00309277
-0.00260498
-0.00206700
-0.00341544
-0.00296940
-0.00332083
-0.00348497
-0.00247703
-0.00053468
-0.00123027
-0.00188701
0.00017192
0.00173594
0.00140500
0.00084895
0.00173764
-0.00000975
0.00071140
0.00135280
-0.00063385
-0.00126332
-0.00121183
-0.00102511
-0.00124890
-0.00112792
-0.00118836
-0.00122398
-0.00102857
-0.00046083
-0.00068777
-0.00088008
-0.00020848
0.00043894
0.00028527
0.00005379
0.00046779
-0.00030348
0.00007002
0.00033819
-0.00074906
-0.00219820
-0.00172713
-0.00123392
-0.00261667
-0.00329566
-0.00318691
-0.00295368
-0.00325925
-0.00264127
-0.00283680
-0.00307806
-0.00259726
-0.00355131
-0.00312595
-0.00277794
-0.00396405
-0.00461161
-0.00450577
-0.00428843
-0.00460154
-0.00391618
-0.00424099
-0.00447425
-0.00351421
-0.00242115
-0.00266433
-0.00306547
-0.00244626
-0.00396652
-0.00336698
-0.00280305
-0.00443015
-0.00427554
-0.00455549
-0.00462283
-0.00383038
-0.00213216
-0.00267984
-0.00327315
-0.00171183
-0.00124570
-0.00134706
-0.00147143
-0.00107432
0.00014018
-0.00034200
-0.00076397
0.00063114
0.00196302
0.00152869
0.00109133
0.00241411
0.00362123
0.00331402
0.00288530
0.00372788
0.00290991
0.00327694
0.00358664
0.00259671
0.00258725
0.00242693
0.00242979
0.00290986
0.00445321
0.00392304
0.00337945
0.00488255
0.00532741
0.00527753
0.00514721
0.00535074
0.00544713
0.00542868
0.00538834
0.00541909
0.00487845
0.00514538
0.00532247
0.00451232
0.00310074
0.00355631
0.00405154
0.00275895
0.00270800
0.00258001
0.00258841
0.00294664
0.00377043
0.00356441
0.00325912
0.00378510
0.00268880
0.00314721
0.00355073
0.00228979
0.00167995
0.00185685
0.00203067
0.00141158
-0.00009367
0.00046396
0.00099050
-0.00060801
-0.00157472
-0.00133589
-0.00102051
-0.00175754
-0.00199956
-0.00198526
-0.00189840
-0.00192277
-0.00106098
-0.00145151
-0.00174005
-0.00057228
0.00124495
0.00062517
0.00000337
0.00181453
0.00290732
0.00265986
0.00229191
0.00302324
0.00240055
0.00279531
0.00299395
0.00178293
-0.00114859
-0.00007206
0.00093516
-0.00220424
-0.00494664
-0.00407074
-0.00317116
-0.00584257
-0.00849293
-0.00769311
-0.00678019
-0.00909125
-0.00965791
-0.00958600
-0.00943170
-0.00975118
-0.01046534
-0.01020012
-0.00994248
-0.01067937
-0.01092401
-0.01086616
-0.01080187
-0.01102718
-0.01206517
-0.01155842
-0.01122516
-0.01278362
-0.01586740
-0.01479398
-0.01372517
-0.01682280
-0.01849678
-0.01810890
-0.01756502
-0.01877099
-0.01921402
-0.01911191
-0.01896938
-0.01929118
-0.01952579
-0.01943198
-0.01935879
-0.01965531
-0.02016629
-0.02000986
-0.01982661
-0.02025709
-0.02013679
-0.02020190
-0.02025788
-0.02011021
-0.02044602
-0.02027667
-0.02015898
-0.02064978
-0.02085989
-0.02096260
-0.02085458
-0.02043251
-0.01685048
-0.01838132
-0.01959568
-0.01506424
-0.00900213
-0.01103453
-0.01309176
-0.00710415
-0.00256230
-0.00392746
-0.00542237
-0.00126974
0.00246507
0.00124353
-0.00000299
0.00365687
0.00700936
0.00593316
0.00481430
0.00803880
0.01067427
0.00990212
0.00901253
0.01129568
0.01233468
0.01207523
0.01174833
0.01258496
0.01349899
0.01318312
0.01287086
0.01379571
0.01402642
0.01414675
0.01403878
0.01358459
0.01067660
0.01174245
0.01277541
0.00976878
0.00889627
0.00889268
0.00917262
0.00915067
0.01071333
0.01016899
0.00960917
0.01112539
0.01133073
0.01136128
0.01132285
0.01132125
0.01143411
0.01146329
0.01139009
0.01119579
0.00935266
0.01001855
0.01068581
0.00884675
0.00875817
0.00861842
0.00861808
0.00894774
0.00917885
0.00919481
0.00910713
0.00902731
0.00809725
0.00838454
0.00873261
0.00798488
0.00876795
0.00842419
0.00812191
0.00902937
0.00870753
0.00899548
0.00910785
0.00825928
0.00644323
0.00704305
0.00767851
0.00596939
0.00544106
0.00553400
0.00568348
0.00532476
0.00472472
0.00490637
0.00513070
0.00465871
0.00544674
0.00503586
0.00476511
0.00597350
0.00809681
0.00730441
0.00659524
0.00896823
0.01167049
0.01082937
0.00990172
0.01234444
0.01290414
0.01297112
0.01278341
0.01257905
0.01041741
0.01125834
0.01200711
0.00956904
0.00733316
0.00804264
0.00877965
0.00662635
0.00482505
0.00528478
0.00591779
0.00463634
0.00566140
0.00516297
0.00477888
0.00614697
0.00697875
0.00678532
0.00651931
0.00713332
0.00756886
0.00742162
0.00727787
0.00772391
0.00818516
0.00804686
0.00788760
0.00828593
0.00811811
0.00828517
0.00832970
0.00779430
0.00621382
0.00673912
0.00730445
0.00584407
0.00601428
0.00579357
0.00571542
0.00631329
0.00711662
0.00691263
0.00662928
0.00719457
0.00634186
0.00682603
0.00710483
0.00563602
0.00242387
0.00361216
0.00470696
0.00121433
-0.00174272
-0.00095682
0.00005862
-0.00220980
-0.00195927
-0.00217231
-0.00231153
-0.00183953
-0.00270097
-0.00224910
-0.00194281
-0.00324100
-0.00487382
-0.00437301
-0.00381390
-0.00527181
-0.00593522
-0.00573877
-0.00554216
-0.00620510
-0.00733308
-0.00700524
-0.00659022
-0.00745663
-0.00651121
-0.00694265
-0.00729881
-0.00612756
-0.00555543
-0.00571777
-0.00587999
-0.00530747
-0.00412019
-0.00448688
-0.00492268
-0.00394270
-0.00489838
-0.00438444
-0.00404310
-0.00551655
-0.00710473
-0.00673049
-0.00616289
-0.00717098
-0.00580130
-0.00634347
-0.00686743
-0.00544310
-0.00594234
-0.00562757
-0.00541359
-0.00621522
-0.00634595
-0.00635798
-0.00634020
-0.00638148
-0.00711139
-0.00677561
-0.00652581
-0.00751367
-0.00894253
-0.00844509
-0.00796363
-0.00944044
-0.01085411
-0.01039701
-0.00992597
-0.01129785
-0.01229408
-0.01207032
-0.01171914
-0.01233314
-0.01147701
-0.01183768
-0.01215640
-0.01117441
-0.01104043
-0.01097321
-0.01100862
-0.01118256
-0.01134861
-0.01145247
-0.01135585
-0.01092041
-0.00763789
-0.00894722
-0.01008799
-0.00629980
-0.00281354
-0.00388991
-0.00504693
-0.00180262
0.00090692
0.00005921
-0.00084501
0.00169497
0.00365649
0.00307562
0.00241974
0.00415624
0.00529756
0.00494420
0.00457579
0.00567197
0.00692942
0.00652372
0.00609045
0.00726522
0.00779840
0.00766694
0.00750241
0.00793639
0.00848965
0.00830269
0.00810955
0.00864428
0.00876900
0.00878641
0.00874473
0.00869222
0.00830278
0.00841864
0.00856318
0.00825975
0.00864173
0.00845996
0.00832012
0.00882790
0.00906014
0.00907000
0.00898176
0.00891971
0.00764867
0.00819379
0.00862580
0.00701538
0.00467926
0.00553768
0.00631308
0.00372793
0.00033135
0.00154066
0.00267799
-0.00093448
-0.00455682
-0.00346734
-0.00222808
-0.00540106
-0.00637199
-0.00622808
-0.00593663
-0.00646491
-0.00703722
-0.00677555
-0.00658985
-0.00739004
-0.00906422
-0.00840527
-0.00784612
-0.00981967
-0.01218675
-0.01147498
-0.01065186
-0.01268485
-0.01263939
-0.01285760
-0.01289533
-0.01230845
-0.01115819
-0.01153239
-0.01192665
-0.01083658
-0.01010240
-0.01035970
-0.01058489
-0.00975436
-0.00811015
-0.00870880
-0.00927662
-0.00753993
-0.00605862
-0.00656364
-0.00703762
-0.00546320
-0.00314344
-0.00394223
-0.00474033
-0.00241850
-0.00077391
-0.00129328
-0.00181756
-0.00018775
0.00157087
0.00114065
0.00049554
0.00160950
-0.00071712
0.00030117
0.00114182
-0.00171773
-0.00346844
-0.00312406
-0.00253525
-0.00355270
-0.00261687
-0.00303483
-0.00338073
-0.00222873
-0.00226210
-0.00194946
-0.00197230
-0.00301209
